50 71 55 70 98 53 63 42 94 41 48 99
60 56 96 64 43 82 65 47 74 74 98
93 49 80 48 66 76 63 96 63 64 80 58
44 85 41 75 75 71 69 63 88 73 92 52 58 67
84 65 42 41 59 44 90 50 71 69 41 51 70 64 94 63
67 95 89 76 88 71 79 65 57 56 61 80 82 89 97
49 46 58 65 77 49 75 76 72 71 67 45 43 71 64
61 68 97 80 79 100 73 92 75
63 48 76 81 54 88 98 59 76 77 43 46
64 71 93 94 85 61 66 66 44 55 97 49
94 83 57 54 93 74 70 44 65 49 44 82
96 49 46 67 64 100 54 88 94 83 84 93 56 70
71 78 86 42 44 65 42 73 84 98 78
69 97 96 96 87 72 49 43 65 56 87 67 46 56 66 97 100
44 46 72 61 66 53 79 58 51 50
46 62 87 66 94 63 65 96 43 52 76 98 99 49 91
75 98 75 80 84 55 61 95 95 79 55 100
100 89 78 79 75 62 83 80 73 85 59 79 83 51 42 79
80 93 72 50 99 99 49 57 45 44
81 53 80 80 82 64 85 63 80 62 48
45 81 78 61 71 100 94 42 70
78 84 73 91 68 92 84 65 92 75 42 100 96 93 83 96 80
56 49 48 77 94 45 44 80
62 55 70 67 86 53 73 67 48 56 94 57 41 97 88 47 48
86 80 70 53 86 100 45 69 79 53 42 87 80 74
78 47 50 83 83 76 58 75 53 89
80 59 63 68 85 89 74 49 99 62 61 61 44 51
92 68 99 88 85 64 70 43 66
59 94 99 98 86 60 92 57 91 95
46 85 59 55 97 64 56 41 74 98 43 89 47 91 48 83
57 79 60 99 93 83 50 82 91 66 87 81
76 89 87 85 99 76 82 79 54 52 91 99 49 77
77 43 43 70 56 63 42 46 56 46 58 52 63 65 74
81 86 53 99 43 81 79 100 67 68 97 52 88 71 47
45 97 80 44 49 91 90 67 85 69 67 82 55
78 93 67 81 50 66 92 99 42 55 77 69 86 72 48 75 95
41 58 97 66 78 89 67 47 96 76 53 61
77 92 69 82 51 88 77 95 51 52 57 79
44 82 53 53 74 75 95 67 50 61
97 83 72 84 44 49 85 92 65 77
77 90 79 76 48 50 50 56 43 46 99
83 99 42 95 89 66 73 81 84 83
44 77 96 58 79 90 51 100 89 48
96 68 50 54 51 77 73 69 42 85 95 94 43 67 61 62 95 54
99 100 88 59 62 100 57 67 41 68 78 41 64
67 84 56 60 93 73 85 76 57 80 89 57 64
86 66 72 93 88 70 83 96 82 75 63 65 63 89 59
48 65 69 65 85 60 59 96 50 67 52 93 55 77 92 57
44 65 82 51 50 97 55 83 60 51 46
75 85 41 81 62 62 59 67
42 51 96 80 51 66 44 96 83 92 61 55 100
46 53 45 63 64 70 71 62 83 63 59 87 89 64
96 100 54 78 43 71 69 41 88 76 65 79 56 44 70 72
94 93 51 73 50 94 49 83 85 41 68 100 76 99 88
66 92 79 66 92 59 69 65 64 64 70 90 78
59 67 52 70 52 67 62 82 91 67 56 98
87 97 91 69 62 78 69 96 92 88 56 67 94 55
65 82 82 55 47 87 41 53 45 42 79 67 45
64 76 46 58 43 62 69 96 49 96 54 88
84 72 62 90 69 75 70 54 97 77 45 73 54
99 50 76 49 64 70 42 95 69 68 67 77 46
67 46 58 100 84 48 86 73 87 55 97
72 45 84 91 79 49 82 51 77 51 79 44
64 47 87 96 83 99 61 86 84 84 57 43 55
80 93 96 50 80 54 71 76 76 57 43 42 51
62 63 78 53 73 54 84 55 73 53 83 93 75 57 85 79 64 65
71 64 60 83 95 96 53 97 97 69 69
92 84 63 43 44 80 68 78 99 96 93 76 100 83 74 57
94 99 82 54 74 74 85 51 44 74 57 79
59 56 90 70 45 92 98 68 65 51 81
96 70 59 43 83 60 54 97 49 94 43 67 81
66 45 47 49 47 86 48 91 52 62 85 43 80 44 58 69 43 52
100 80 71 99 57 72 82 70 67 52 92 98 65 73 51
90 42 62 86 52 41 44 89 91 63 44 89 52
53 50 42 64 78 93 87 91 42 61 63 41 42 58 94 91
100 41 57 58 60 78 64 62 57 53 58 59 94 72 69
43 42 76 59 85 49 74 59 86 86 83 90 92 64 73 46 70
92 86 49 66 57 70 73 74 85 80
69 80 94 94 66 84 94 61 82 61 75 95 96 89 80
57 63 84 77 97 50 56 68 88 58 88
52 60 78 73 41 56 53 47 92
68 99 93 51 94 70 60 90 46 94 42 91 78 63 80 63
100 85 79 66 81 61 72 98 78 52 69 91 66
98 98 55 82 41 57 41 98 45 53 90 91 71 42
49 64 49 82 86 48 67 51 53
61 70 82 100 46 72 63 47 78 51 66 57 79
89 63 54 43 57 58 60 98 75 96 56 73 76 81
89 59 78 62 42 85 87 42 89 91 83 46 65 80
99 89 64 42 51 71 67 52 98 68 59 80 62 74 85 90 77
98 75 54 57 97 54 45 44 57 80 92 82 71 52 77 44
61 87 87 89 67 66 41 77 93 80 49 57 90 62
43 57 41 94 68 54 47 62 95 97 85 95 80
67 64 97 68 87 92 97 43 76 41 53 45 43 94 77
58 76 58 74 50 81 59 96 83 68 80 92 97 72 75
94 44 56 49 96 61 51 76 70 73
77 68 45 57 60 53 92 53 65 88 78 49
95 94 54 59 67 64 95 51 73 41 76 73 60 72
48 77 58 53 63 98 44 55 41 43 94 60 91 60
90 56 79 47 84 100 54 53 78 63 52
94 87 89 46 74 58 44 68 69
