43 75 60 67 90 85 72 56 95 45 91 62
54 90 57 68 93 85 88 87 43 74 66 100 95 77 75 90
100 43 49 89 43 55 69 97 79 51 66 97 86 56 72
50 61 70 81 81 85 74 41 93 97 81 43 48 73 60 60 90
84 75 51 88 57 78 87 99 69 96 61 51
50 97 90 68 76 65 56
73 74 83 68 77 88 49 70 96 50
76 53 80 80 64 64 84 83 72 91 93 97 94 46
51 47 74 47 80 50 68 92 84 93 68 97 92
45 82 57 55 55 41 80 94 46 87 54 72 53
100 97 83 88 64 44 70 89 58 63 93
70 95 64 48 53 55 78 67 49 52 47 84
86 60 95 71 46 77 80 100 69 90 63 99 65 85
86 85 71 59 59 55 91 67 94 41 63 77 83 46 60
73 51 97 87 53 91 87 89 46 87 48
81 56 50 94 55 86 49 78 51 77
77 63 58 94 72 72 58 95 89 77 44 65 87 68 97 65 45
48 78 47 65 63 85 84 71 99 74 62
43 99 52 46 90 84 48 45 74 52 90 47 51 65
50 74 56 71 50 97 71 54 54 98 78
63 63 43 93 47 44 58 60 55 57 71 95
54 92 90 51 48 56 91 63 77 79 95 44 58 87 76
96 59 62 70 96 75 78 51 56
72 89 55 50 45 83 100 50 46 66 64 88
66 93 70 81 84 84 50
92 74 92 56 89 45 48 69 72 78
46 77 62 99 89 94 63
86 59 90 50 48 54 87 48 73 66 87 86
46 52 63 92 56 79 74 72 41 65 76
98 93 99 52 59 56 66 84 55 80
45 76 57 60 79 71 58 92 71 70 58 98 88 99
63 55 58 71 79 66 100 90 56 81
89 48 48 76 48 77 43
48 63 93 76 93 85 97 93 62 96 47 96
90 73 78 83 83 82 80 56 81 70 93 73
54 96 58 68 100 99 78 91 66 69 81
80 45 58 84 83 67 65 64 98 84 94 95 83 100
52 100 82 59 59 61 63 72 64
79 46 55 76 79 61 90 82 60 56
45 58 49 53 99 63 77 84 75 72 65 51 49
78 63 84 62 79 66 82 42 55 90 77 69
47 84 70 100 93 72 82 59 85 53 49 82 48 94 64
96 49 76 51 85 48 83
99 60 42 76 42 73 87 92 50 63 87 92 73 42 84 64 72 68
46 97 65 51 58 56 72 89 54 42 66 82 65 100 41 62
72 46 94 70 89 77 71 93 91 89 65
55 79 68 71 62 57 80 90 94 64 79 58 90 41 49 90
64 91 94 93 65 44 63 48 68 83 46
44 89 49 71 63 57 50 48 96
48 70 75 97 58 84 52 59 95 46 99 56 68
42 78 66 95 67 89 59 95 99 99 61 71 80
60 89 84 45 97 64 81 96 41 97 92 66
84 42 88 58 62 47 62 42 62 69 58 70
50 99 54 68 97 43 64 43 45 43 69 48 72 49
100 50 87 45 43 77 88 62 95 79
49 41 70 91 99 71 75 67 45 59 69 85 77
86 62 98 62 59 77 78 64 75 91 42 50 42 99
45 61 42 44 83 48 54 62
83 52 75 80 48 55 93 68 99 89 93
90 45 61 66 59 86 67 41 44 90 86 70
75 81 66 71 83 93 51
49 90 84 69 41 86 71 42 92
94 83 60 51 94 88 93 52 66 58
53 48 43 91 95 54 68 85 82 82 63 52 90 57 72
73 88 57 77 87 98 70 47 60 99
90 56 73 86 96 77 59 89 44 84 73 86
82 55 63 70 96 65 75 79 92
48 89 65 43 68 45 65 90 73 51 63 79 100
75 56 60 61 44 93 75 99 64 95 42 79 51 59 73
59 81 68 52 99 94 96 67 43 50 72 62 56
41 100 85 45 65 59 80 50 75 75 51
73 97 60 44 72 56 61 58 50 49 50
88 73 69 53 55 72 43 94 97 55 67 54
47 78 80 43 42 87 88 42 82 59 82 98 69
54 99 89 54 90 78 52 52 90 67 41 47 74 97 53 55
75 41 62 91 93 63 45 56 46 56 94 44 83
87 79 98 75 96 95 83 60 78 90 98 76
96 85 66 54 54 60 80 64 44 63 65 98
67 59 99 73 93 70 53 64 42 49 66
88 45 99 59 75 63 87 65 66 92 87
62 53 52 81 86 54 72 71
80 58 72 98 99 49 75 100 78 95 56
86 92 47 94 91 84 42 52 74 60 93 62 45 89 60
56 43 93 48 74 78 55 75 77 47 42
94 62 89 54 62 85 71 56 43 58 63 63 67 97 54 65
96 43 68 78 58 62 50 80 66 41 69 49 60 94
87 48 64 98 95 44 97 47 51 84 74 94
99 89 85 46 89 59 99 60 86 93 44 52 68 79 72
65 72 42 77 53 43 92 47 66 67 86 98 43 75
65 44 59 77 75 46 95 71 60 83 59 67 43 80
89 92 90 97 74 61 58 53 91 79 97 80 66 45 92
96 46 94 47 74 60 45 55 95
56 58 51 48 100 93 91 75 81 43 63 70 82 47
55 86 76 61 42 51 58 88 48 85 69
84 100 78 61 41 53 56 48 67 70
47 94 78 66 50 63 94 82
55 99 88 52 54 56 47 46 73 100
82 89 45 96 85 71 48 50 98 90 86 62
59 83 56 53 88 73 92 44 94
72 73 93 59 72 49 95 81 56
