43 7 21 75 60 15 8 67 90 85 72 4 37 34 56 95 45 91 62 32
14 15 4 54 90 57 68 93 85 88 87 43 74 66 100 95 77 1 75 90
100 43 16 49 89 18 24 43 55 69 97 79 51 66 97 86 56 21 29 72
50 61 70 81 81 85 74 41 93 97 81 20 43 48 9 2 73 60 60 90
84 75 51 88 6 57 78 12 17 87 99 2 69 32 18 22 96 61 18 51
50 36 23 7 97 24 36 5 90 17 68 16 11 76 2 65 12 32 56 26
73 5 74 83 68 77 88 11 6 49 12 25 21 8 70 96 21 50 10 23
76 53 12 80 10 18 80 39 28 64 15 64 84 83 72 91 93 97 94 46
51 10 47 24 16 74 47 80 50 25 68 21 92 84 93 21 68 17 97 92
45 82 57 55 32 8 55 41 80 94 46 15 22 87 1 9 54 72 53 29
8 100 97 83 22 88 23 64 28 31 44 70 13 89 58 63 3 93 3 33
70 95 64 34 28 17 48 32 53 15 55 78 67 49 32 52 47 10 6 84
28 86 32 60 95 71 46 77 80 100 69 13 90 63 3 99 65 85 34 18
86 85 71 59 24 59 32 55 16 33 91 67 94 41 63 29 77 83 46 60
73 2 51 26 34 97 30 27 2 29 87 53 17 91 87 17 89 46 87 48
14 6 81 40 56 50 94 23 18 25 31 55 3 86 49 25 78 51 77 38
32 77 63 58 8 94 72 72 58 7 95 89 77 44 65 87 68 97 65 45
48 78 47 65 63 85 84 71 10 27 18 4 99 74 20 62 5 10 3 38
14 43 22 99 52 46 90 84 7 48 45 28 74 21 52 90 47 51 4 65
24 50 74 56 71 21 50 97 18 30 71 54 18 54 98 78 37 25 6 35
27 40 63 11 63 43 93 20 47 44 58 2 2 13 60 55 57 35 71 95
54 92 90 51 48 14 56 91 31 23 63 77 79 95 44 58 37 87 12 76
96 14 16 59 62 20 21 70 22 20 22 96 75 78 36 51 29 20 6 56
72 38 17 89 55 12 50 45 28 83 100 50 46 66 19 64 28 16 88 14
13 32 18 66 34 16 93 9 13 24 70 81 38 11 84 30 3 26 84 50
13 92 22 5 74 92 7 27 56 89 45 48 16 37 69 28 32 72 78 16
15 33 46 77 62 23 23 6 16 16 99 89 94 19 63 12 15 15 10 38
86 59 35 31 28 36 90 21 50 48 25 54 6 5 87 48 73 66 87 86
20 46 52 63 92 4 56 79 29 74 2 72 33 9 41 40 3 65 17 76
98 93 21 21 16 6 38 99 35 15 13 9 36 52 59 56 66 84 55 80
39 45 16 76 25 57 60 79 34 71 4 58 92 71 70 58 27 98 88 99
63 29 17 55 58 71 23 79 66 20 100 9 8 35 5 19 90 56 81 20
14 13 16 35 89 48 48 16 37 76 48 16 17 77 37 33 9 43 21 7
48 13 63 93 76 93 31 85 97 18 93 31 39 62 96 2 47 6 96 27
40 90 18 73 78 83 83 8 82 33 80 56 81 3 70 93 26 14 21 73
12 54 96 32 58 6 68 14 100 99 3 78 7 91 66 27 69 12 81 3
11 80 2 26 45 58 84 83 6 67 65 64 98 25 84 39 94 95 83 100
21 52 30 39 26 22 100 31 38 5 82 59 18 59 61 63 72 64 7 25
1 79 3 46 12 38 12 55 12 76 79 15 1 14 61 90 82 60 21 56
30 45 58 49 53 99 63 38 6 77 23 84 18 75 8 72 65 51 28 49
78 63 38 25 35 38 84 13 4 62 79 66 82 42 55 24 90 77 69 32
47 84 70 35 100 93 72 82 59 12 85 53 49 36 9 82 11 48 94 64
3 96 31 26 4 49 5 39 76 31 6 51 28 12 85 36 48 83 37 14
99 60 42 76 42 73 87 92 50 63 87 92 17 73 39 42 84 64 72 68
46 97 65 51 58 56 72 89 17 54 3 42 66 24 82 65 100 41 62 9
38 72 46 25 8 23 31 10 94 27 3 70 89 77 71 93 26 91 89 65
55 79 68 71 62 57 80 31 33 90 94 64 79 58 90 15 41 49 90 32
22 64 2 17 91 39 94 93 65 24 44 63 48 37 18 15 68 83 46 31
12 44 29 31 89 22 49 71 33 10 25 37 63 57 30 19 50 48 30 96
48 70 75 20 97 58 84 52 39 29 59 95 36 28 46 99 56 9 39 68
42 78 66 95 33 67 89 59 28 95 22 99 5 99 37 61 30 71 24 80
60 89 84 15 25 40 19 45 97 24 64 81 96 21 38 41 97 92 19 66
84 42 15 88 58 24 62 5 47 11 62 42 23 1 62 6 69 33 58 70
27 50 99 39 54 68 97 43 64 43 13 45 43 69 37 7 48 72 49 15
10 35 100 50 10 12 20 87 15 45 43 77 20 88 62 95 35 30 79 4
11 49 41 2 70 11 91 31 99 71 1 75 67 45 59 29 69 6 85 77
21 86 38 38 62 20 27 98 39 62 59 77 78 64 75 91 42 50 42 99
45 2 31 33 19 29 12 61 42 44 34 32 21 28 15 12 83 48 54 62
7 23 29 21 83 12 52 75 80 5 13 48 24 55 93 68 12 99 89 93
90 45 61 66 59 86 27 67 10 41 44 16 4 90 86 70 14 37 39 5
1 75 38 21 20 29 15 81 13 66 71 83 29 30 24 36 93 11 8 51
16 35 36 2 36 11 1 30 49 39 90 84 69 41 86 71 4 24 42 92
26 94 6 2 19 19 83 60 5 7 51 94 88 20 93 16 52 66 37 58
25 53 48 43 91 95 54 6 68 85 82 82 63 52 34 90 3 57 3 72
73 88 26 11 57 31 77 87 98 31 70 3 47 37 60 24 4 14 99 3
90 56 37 73 6 12 86 96 77 21 59 16 89 44 84 73 25 17 40 86
27 82 55 22 1 63 36 70 96 65 14 75 27 25 7 21 79 4 92 23
48 5 89 65 43 68 45 16 65 90 73 10 51 25 63 79 24 35 100 8
26 75 56 60 12 61 18 44 93 75 2 99 64 95 42 79 26 51 59 73
59 81 39 68 52 99 1 94 96 4 67 27 43 40 50 38 72 62 21 56
24 41 11 100 85 45 65 59 26 80 16 27 2 34 50 75 19 75 1 51
73 17 10 23 97 60 39 29 44 72 40 56 61 58 9 31 50 49 4 50
88 73 69 3 16 53 37 23 7 14 55 72 43 94 97 39 55 67 54 29
47 27 6 78 18 34 80 43 42 87 88 42 82 59 82 26 98 40 69 9
21 54 11 99 89 54 90 78 52 52 90 9 67 41 47 74 97 53 55 10
75 41 35 62 91 93 63 45 34 56 46 29 38 56 94 31 44 83 17 35
18 25 87 79 98 75 7 14 21 96 9 95 2 83 31 60 78 90 98 76
17 96 85 66 54 27 54 60 80 64 44 63 5 65 98 27 19 10 9 3
21 67 59 99 73 93 32 6 70 2 53 64 42 34 29 49 2 66 18 34
16 25 24 38 88 45 9 99 59 75 26 22 63 87 10 65 66 92 87 39
15 17 62 2 53 11 52 81 86 54 15 72 38 26 18 27 39 71 8 20
80 7 58 72 98 30 99 49 75 100 18 39 78 5 14 6 8 95 56 11
86 92 47 11 33 94 91 84 9 42 52 74 60 93 35 38 62 45 89 60
56 13 43 25 93 48 74 35 78 37 55 11 75 77 47 32 42 33 18 6
26 7 94 62 89 54 62 85 71 56 43 17 58 63 63 67 97 54 65 33
96 23 15 43 68 78 14 58 62 50 80 40 66 13 41 69 49 60 39 94
87 48 29 64 98 27 95 44 40 97 47 51 10 84 2 29 74 94 13 20
99 89 37 85 46 36 14 89 59 99 60 86 93 44 52 68 79 72 22 28
65 72 26 42 18 37 25 77 53 33 43 92 47 66 67 86 12 98 43 75
1 38 33 65 37 44 59 27 77 37 75 46 95 71 60 83 59 67 43 80
89 92 90 97 74 61 39 58 12 53 91 34 22 79 97 80 66 45 92 7
5 12 96 24 39 19 46 22 94 47 30 74 26 10 60 45 55 4 11 95
15 26 56 58 51 48 35 100 8 93 91 75 30 39 81 43 63 70 82 47
14 19 20 13 55 86 76 27 7 61 42 16 51 58 14 88 48 85 69 34
2 25 84 100 16 78 31 61 41 28 53 8 56 36 6 3 13 48 67 70
47 12 23 94 78 27 66 13 23 50 39 3 8 63 39 4 94 27 19 82
20 55 15 99 3 16 88 52 24 54 13 56 47 17 46 40 21 73 22 100
82 89 12 45 18 29 96 85 71 23 7 15 48 32 18 50 98 90 86 62
34 36 59 12 83 17 16 56 14 53 12 25 88 8 73 14 92 44 94 31
72 73 33 93 59 72 49 30 95 7 15 4 18 24 81 11 56 25 15 4
