31 50 27 71 55 2 70 98 4 21 53 63 2 21 42 94 41 2 48 99 33
60 35 56 27 21 96 6 14 64 43 37 82 65 47 24 24 74 74 13 98 40
93 49 80 48 38 5 8 66 76 14 5 63 14 96 16 63 64 80 36 39 58
44 85 41 1 75 75 29 71 69 1 15 63 39 88 73 12 92 52 58 67 17
84 65 42 10 41 59 38 44 90 50 1 71 33 69 21 41 51 70 64 94 63
67 95 89 76 88 71 34 79 65 57 28 56 61 80 82 89 19 13 97 39 19
49 46 58 20 65 77 49 75 6 76 36 72 71 67 31 45 26 16 43 71 64
13 3 28 8 4 39 6 61 14 1 68 97 80 11 79 100 73 32 92 75 23
63 48 35 76 32 81 33 12 54 88 26 98 59 76 16 77 11 10 43 46 31
2 4 64 20 14 40 71 93 7 94 85 12 61 66 66 22 44 55 1 97 49
35 37 24 94 83 27 57 54 93 74 30 18 70 44 23 65 49 5 33 44 82
96 49 14 46 67 29 11 1 64 100 54 6 88 94 36 83 3 84 93 56 70
18 33 29 71 78 86 42 44 24 27 23 65 27 42 3 73 8 84 98 78 9
69 97 18 96 39 96 87 72 49 37 43 65 56 87 67 46 13 56 66 97 100
14 44 6 39 46 72 10 61 25 66 34 7 53 10 35 4 24 79 58 51 50
46 62 87 66 31 34 94 19 26 63 65 33 21 96 43 52 76 98 99 49 91
75 36 98 14 8 75 80 29 25 84 39 30 5 55 61 95 95 79 55 18 100
100 89 78 19 79 75 62 83 80 18 30 6 31 73 85 59 79 83 51 42 79
80 93 72 24 11 34 19 50 35 99 15 99 49 57 45 39 44 25 35 15 23
12 25 81 53 20 8 80 80 82 26 64 85 26 63 18 80 62 40 48 7 7
12 45 23 81 78 61 10 2 11 36 71 40 30 20 34 100 94 37 42 70 9
78 84 73 91 68 92 84 65 92 1 75 3 42 100 96 93 83 9 96 80 39
56 49 48 26 8 3 77 3 94 25 20 45 34 44 8 80 28 14 28 30 30
62 55 12 70 67 86 53 20 73 67 48 56 94 57 41 97 88 13 20 47 48
86 80 15 38 70 53 86 100 45 69 1 32 79 53 22 42 87 21 21 80 74
29 78 15 1 7 13 47 30 50 83 83 12 76 58 9 21 25 6 75 53 89
27 80 59 63 23 28 29 68 85 89 74 49 27 99 3 62 61 61 44 51 9
3 3 92 68 99 11 88 25 85 38 16 26 8 13 64 20 70 16 2 43 66
38 29 15 59 94 13 18 99 98 12 30 86 60 92 25 57 19 34 91 11 95
46 1 85 59 55 97 40 64 56 27 36 41 74 98 43 89 47 24 91 48 83
20 57 79 60 40 25 6 99 12 93 24 83 39 50 82 91 66 39 87 81 39
1 76 89 37 87 85 99 76 82 79 10 32 17 54 24 52 91 99 49 26 77
77 43 21 43 70 56 63 19 42 46 56 46 10 58 52 24 31 63 65 74 24
33 81 86 17 53 99 8 12 43 81 79 100 67 68 97 52 10 88 71 3 47
5 45 25 97 80 28 44 49 91 90 67 15 28 12 85 14 69 67 18 82 55
78 93 67 81 50 66 3 16 92 99 42 55 20 9 77 69 86 72 48 75 95
25 32 41 3 58 12 5 6 97 66 2 24 78 89 15 67 47 96 76 53 61
77 4 92 31 27 69 13 82 32 51 17 88 77 95 3 51 36 52 57 1 79
44 82 53 3 53 74 38 31 75 18 4 8 21 40 95 19 67 50 28 61 40
97 83 72 36 11 36 84 44 14 34 49 23 85 12 92 19 1 3 65 77 4
77 90 2 24 8 79 76 48 50 26 4 50 56 43 46 99 37 40 5 15 36
9 83 33 99 30 35 42 3 95 89 31 11 66 3 73 81 84 20 6 83 34
44 77 23 21 96 58 33 35 38 1 21 19 79 90 51 39 23 100 89 4 48
96 68 50 27 8 54 51 31 77 73 69 42 85 95 94 43 67 61 62 95 54
99 100 24 88 15 59 62 22 9 25 100 57 67 41 5 68 14 24 78 41 64
31 67 6 84 56 60 21 93 20 73 85 76 31 57 80 10 28 89 18 57 64
21 86 37 66 72 93 88 70 38 31 33 83 96 82 75 63 65 63 89 59 32
48 8 65 69 65 85 24 17 60 59 15 96 50 67 52 93 55 77 92 57 4
44 31 65 82 51 21 50 31 38 16 12 97 55 27 83 8 31 60 17 51 46
24 75 21 9 29 27 85 41 81 34 19 29 62 62 9 36 9 36 59 67 22
42 51 39 1 96 80 38 51 34 66 2 44 26 96 2 83 92 3 61 55 100
1 46 53 45 63 33 64 36 70 71 62 83 63 59 87 10 14 6 39 89 64
96 100 54 35 6 15 78 43 30 71 69 41 88 76 65 79 56 44 70 19 72
94 93 51 73 20 14 50 94 49 29 32 83 27 85 7 41 68 100 76 99 88
66 92 11 79 18 66 28 21 92 59 15 69 16 65 23 64 33 64 70 90 78
59 67 38 52 1 70 52 1 32 67 62 82 13 91 67 10 56 98 9 26 38
36 25 87 97 91 69 35 62 14 78 18 36 69 96 92 88 56 19 67 94 55
65 2 82 82 55 26 47 87 15 27 41 2 53 11 45 42 14 79 22 67 45
64 76 46 14 58 43 8 27 10 62 69 25 96 49 1 96 54 22 88 9 33
84 72 62 90 30 69 75 70 54 3 97 77 12 13 26 22 21 45 73 14 54
99 50 76 2 49 16 64 8 70 42 95 37 30 18 69 68 67 77 46 17 23
6 67 35 46 58 100 29 14 7 6 14 84 48 86 73 87 24 55 97 6 38
72 45 19 84 91 79 29 39 40 49 31 7 82 51 1 77 2 51 29 79 44
64 12 47 27 87 12 22 20 96 83 36 99 25 61 86 84 21 84 57 43 55
29 10 80 93 96 50 80 54 71 76 76 20 37 57 35 11 43 26 42 19 51
62 63 78 38 53 73 37 39 54 84 55 73 53 83 93 75 57 85 79 64 65
71 34 64 60 37 11 13 83 95 96 53 33 97 37 97 69 11 22 22 36 69
11 92 23 84 63 43 27 44 31 80 68 78 99 96 93 26 76 100 83 74 57
35 94 99 82 54 74 35 74 24 85 34 51 44 21 4 23 74 12 5 57 79
59 25 19 56 90 2 70 45 92 28 31 34 98 68 65 22 51 38 28 25 81
17 96 70 30 7 10 59 43 83 60 54 23 97 49 27 94 43 67 81 16 40
66 45 47 49 23 15 47 86 48 91 52 26 62 85 43 80 44 58 69 43 52
100 80 71 19 99 57 72 82 20 70 13 67 52 92 30 27 98 65 34 73 51
5 90 42 62 13 86 52 41 9 10 44 89 32 91 12 63 44 8 89 52 24
53 10 50 42 64 38 78 93 87 91 42 27 61 63 41 42 11 58 18 94 91
13 100 19 41 57 58 60 78 64 62 14 57 53 58 59 94 10 72 20 69 27
43 42 76 59 85 49 74 59 86 86 83 37 90 8 92 23 64 73 46 13 70
14 92 33 86 49 22 66 57 20 13 70 28 73 18 74 38 12 16 85 80 33
21 69 80 94 94 66 84 94 32 61 82 61 75 95 96 32 12 24 25 89 80
57 6 63 22 84 35 77 97 50 56 13 32 68 30 88 14 40 21 58 88 33
11 52 60 6 40 78 73 24 41 20 35 56 29 53 47 24 33 11 23 92 6
68 99 93 51 94 70 18 60 90 21 17 3 46 94 42 91 78 63 39 80 63
100 85 79 22 27 66 15 81 61 39 32 72 98 78 30 52 22 69 91 66 34
8 98 98 19 11 55 5 82 41 57 3 41 98 16 45 38 53 90 91 71 42
26 10 49 38 20 64 4 36 49 82 86 2 11 48 67 17 35 24 51 33 53
1 61 70 82 3 100 9 46 72 37 28 63 36 10 47 9 78 51 66 57 79
4 38 89 63 54 43 19 57 7 58 60 98 75 10 96 56 73 76 15 25 81
89 30 59 78 11 62 42 85 87 31 42 89 18 91 2 38 83 46 20 65 80
99 89 64 24 42 51 71 67 52 98 68 3 59 80 30 62 74 85 90 1 77
27 98 75 54 57 97 54 37 45 44 57 80 8 92 37 82 71 37 52 77 44
13 61 87 87 89 67 66 41 40 77 93 80 30 49 57 90 62 36 3 8 36
43 57 25 41 94 68 54 17 47 62 23 28 95 25 32 97 16 15 85 95 80
32 67 27 33 64 97 38 68 87 92 97 43 76 41 53 45 43 94 13 33 77
26 58 76 58 74 50 81 59 96 83 6 68 14 80 92 97 72 31 33 75 25
94 44 15 56 49 96 4 27 12 61 51 21 24 76 4 32 70 73 31 25 12
77 68 45 28 15 11 31 15 19 57 60 53 92 53 65 35 88 36 78 49 15
95 94 18 54 59 67 64 40 95 51 73 3 16 41 76 13 73 60 32 20 72
15 48 18 77 58 34 53 63 98 15 44 13 27 55 41 43 94 60 91 37 60
8 90 16 23 56 79 47 35 23 36 84 100 29 54 53 78 63 52 29 24 2
13 19 94 36 10 87 89 46 9 74 39 58 44 3 18 7 9 17 68 9 69
